1 0.3 0.09 0 0.5 1.25 1 0.7 0.49 2
2 0.3 0.12 0 0.52 1.25 1 0.7 0.49 2
3 0.3 0.16 0 0.54 1.25 1 0.7 0.49 2
4 0.3 0.18 0 0.55 1.25 1 0.7 0.49 2
5 0.3 0.12 0 0.56 1.25 1 0.7 0.49 2
6 0.3 0.09 0 0.57 1.25 1 0.7 0.49 2
7 0.3 0.09 0 0.57 1.25 1 0.7 0.49 2 0.2 1.0 3
8 0.3 0.12 0 0.56 1.22 1 0.7 0.49 2 0.21 0.9 3
9 0.3 0.16 0 0.55 1.18 1 0.7 0.49 2 0.22 0.8 3 
10 0.3 0.18 0 0.54 1.15 1 0.7 0.49 2 0.23 0.7 3
11 0.3 0.12 0 0.53 1.12 1 0.7 0.49 2 0.24 0.6 3
12 0.3 0.09 0 0.52 1.09 1 0.7 0.49 2 0.25 0.5 3
