0	0	1	0
0.01	-0.00999983	1.00995	0.0199997
0.02	-0.0199987	1.0198	0.0399973
0.03	-0.0299955	1.02955	0.059991
0.04	-0.0399893	1.03919	0.0799787
0.05	-0.0499792	1.04873	0.0999583
0.06	-0.059964	1.05816	0.119928
0.07	-0.0699428	1.06749	0.139886
0.08	-0.0799147	1.07672	0.159829
0.09	-0.0898785	1.08583	0.179757
0.1	-0.0998334	1.09484	0.199667
0.11	-0.109778	1.10373	0.219557
0.12	-0.119712	1.11252	0.239424
0.13	-0.129634	1.1212	0.259268
0.14	-0.139543	1.12976	0.279086
0.15	-0.149438	1.13821	0.298876
0.16	-0.159318	1.14655	0.318636
0.17	-0.169182	1.15477	0.338365
0.18	-0.17903	1.16287	0.358059
0.19	-0.188859	1.17086	0.377718
0.2	-0.198669	1.17874	0.397339
0.21	-0.20846	1.18649	0.41692
0.22	-0.21823	1.19413	0.436459
0.23	-0.227978	1.20164	0.455955
0.24	-0.237703	1.20904	0.475405
0.25	-0.247404	1.21632	0.494808
0.26	-0.257081	1.22347	0.514161
0.27	-0.266731	1.2305	0.533463
0.28	-0.276356	1.23741	0.552711
0.29	-0.285952	1.2442	0.571904
0.3	-0.29552	1.25086	0.59104
0.31	-0.305059	1.25739	0.610117
0.32	-0.314567	1.2638	0.629133
0.33	-0.324043	1.27009	0.648086
0.34	-0.333487	1.27624	0.666974
0.35	-0.342898	1.28227	0.685796
0.36	-0.352274	1.28817	0.704548
0.37	-0.361615	1.29394	0.723231
0.38	-0.37092	1.29959	0.741841
0.39	-0.380188	1.3051	0.760377
0.4	-0.389418	1.31048	0.778837
0.41	-0.398609	1.31573	0.797219
0.42	-0.40776	1.32085	0.815521
0.43	-0.416871	1.32584	0.833742
0.44	-0.425939	1.33069	0.851879
0.45	-0.434966	1.33541	0.869931
0.46	-0.443948	1.34	0.887896
0.47	-0.452886	1.34445	0.905773
0.48	-0.461779	1.34877	0.923558
0.49	-0.470626	1.35296	0.941252
0.5	-0.479426	1.35701	0.958851
0.51	-0.488177	1.36092	0.976354
0.52	-0.49688	1.3647	0.99376
0.53	-0.505533	1.36834	1.01107
0.54	-0.514136	1.37184	1.02827
0.55	-0.522687	1.37521	1.04537
0.56	-0.531186	1.37844	1.06237
0.57	-0.539632	1.38153	1.07926
0.58	-0.548024	1.38449	1.09605
0.59	-0.556361	1.3873	1.11272
0.6	-0.564642	1.38998	1.12928
0.61	-0.572867	1.39252	1.14573
0.62	-0.581035	1.39491	1.16207
0.63	-0.589145	1.39717	1.17829
0.64	-0.597195	1.39929	1.19439
0.65	-0.605186	1.40127	1.21037
0.66	-0.613117	1.40311	1.22623
0.67	-0.620986	1.40481	1.24197
0.68	-0.628793	1.40637	1.25759
0.69	-0.636537	1.40778	1.27307
0.7	-0.644218	1.40906	1.28844
0.71	-0.651834	1.4102	1.30367
0.72	-0.659385	1.41119	1.31877
0.73	-0.66687	1.41204	1.33374
0.74	-0.674288	1.41276	1.34858
0.75	-0.681639	1.41333	1.36328
0.76	-0.688921	1.41376	1.37784
0.77	-0.696135	1.41405	1.39227
0.78	-0.703279	1.41419	1.40656
0.79	-0.710353	1.4142	1.42071
0.8	-0.717356	1.41406	1.43471
0.81	-0.724287	1.41379	1.44857
0.82	-0.731146	1.41337	1.46229
0.83	-0.737931	1.41281	1.47586
0.84	-0.744643	1.41211	1.48929
0.85	-0.75128	1.41126	1.50256
0.86	-0.757843	1.41028	1.51569
0.87	-0.764329	1.40916	1.52866
0.88	-0.770739	1.40789	1.54148
0.89	-0.777072	1.40648	1.55414
0.9	-0.783327	1.40494	1.56665
0.91	-0.789504	1.40325	1.57901
0.92	-0.795602	1.40142	1.5912
0.93	-0.80162	1.39945	1.60324
0.94	-0.807558	1.39735	1.61512
0.95	-0.813416	1.3951	1.62683
0.96	-0.819192	1.39271	1.63838
0.97	-0.824886	1.39019	1.64977
0.98	-0.830497	1.38752	1.66099
0.99	-0.836026	1.38472	1.67205
1	-0.841471	1.38177	1.68294
1.01	-0.846832	1.37869	1.69366
1.02	-0.852108	1.37547	1.70422
1.03	-0.857299	1.37212	1.7146
1.04	-0.862404	1.36862	1.72481
1.05	-0.867423	1.36499	1.73485
1.06	-0.872355	1.36123	1.74471
1.07	-0.877201	1.35732	1.7544
1.08	-0.881958	1.35329	1.76392
1.09	-0.886627	1.34911	1.77325
1.1	-0.891207	1.3448	1.78241
1.11	-0.895699	1.34036	1.7914
1.12	-0.9001	1.33578	1.8002
1.13	-0.904412	1.33107	1.80882
1.14	-0.908633	1.32623	1.81727
1.15	-0.912764	1.32125	1.82553
1.16	-0.916803	1.31614	1.83361
1.17	-0.920751	1.3109	1.8415
1.18	-0.924606	1.30553	1.84921
1.19	-0.928369	1.30003	1.85674
1.2	-0.932039	1.2944	1.86408
1.21	-0.935616	1.28864	1.87123
1.22	-0.939099	1.28275	1.8782
1.23	-0.942489	1.27673	1.88498
1.24	-0.945784	1.27058	1.89157
1.25	-0.948985	1.26431	1.89797
1.26	-0.95209	1.25791	1.90418
1.27	-0.955101	1.25138	1.9102
1.28	-0.958016	1.24473	1.91603
1.29	-0.960835	1.23796	1.92167
1.3	-0.963558	1.23106	1.92712
1.31	-0.966185	1.22403	1.93237
1.32	-0.968715	1.21689	1.93743
1.33	-0.971148	1.20962	1.9423
1.34	-0.973485	1.20224	1.94697
1.35	-0.975723	1.19473	1.95145
1.36	-0.977865	1.1871	1.95573
1.37	-0.979908	1.17936	1.95982
1.38	-0.981854	1.17149	1.96371
1.39	-0.983701	1.16351	1.9674
1.4	-0.98545	1.15542	1.9709
1.41	-0.9871	1.1472	1.9742
1.42	-0.988652	1.13888	1.9773
1.43	-0.990105	1.13044	1.98021
1.44	-0.991458	1.12188	1.98292
1.45	-0.992713	1.11322	1.98543
1.46	-0.993868	1.10444	1.98774
1.47	-0.994924	1.09555	1.98985
1.48	-0.995881	1.08655	1.99176
1.49	-0.996738	1.07745	1.99348
1.5	-0.997495	1.06823	1.99499
1.51	-0.998152	1.05891	1.9963
1.52	-0.99871	1.04948	1.99742
1.53	-0.999168	1.03995	1.99834
1.54	-0.999526	1.03032	1.99905
1.55	-0.999784	1.02058	1.99957
1.56	-0.999942	1.01074	1.99988
1.57	-1	1.0008	2
1.58	-0.999958	0.990754	1.99992
1.59	-0.999816	0.980613	1.99963
1.6	-0.999574	0.970374	1.99915
1.61	-0.999232	0.960038	1.99846
1.62	-0.99879	0.949606	1.99758
1.63	-0.998248	0.939079	1.9965
1.64	-0.997606	0.928458	1.99521
1.65	-0.996865	0.917744	1.99373
1.66	-0.996024	0.906939	1.99205
1.67	-0.995083	0.896042	1.99017
1.68	-0.994043	0.885056	1.98809
1.69	-0.992904	0.873982	1.98581
1.7	-0.991665	0.86282	1.98333
1.71	-0.990327	0.851572	1.98065
1.72	-0.98889	0.840239	1.97778
1.73	-0.987354	0.828822	1.97471
1.74	-0.985719	0.817322	1.97144
1.75	-0.983986	0.80574	1.96797
1.76	-0.982154	0.794077	1.96431
1.77	-0.980224	0.782336	1.96045
1.78	-0.978197	0.770516	1.95639
1.79	-0.976071	0.758619	1.95214
1.8	-0.973848	0.746646	1.9477
1.81	-0.971527	0.734598	1.94305
1.82	-0.969109	0.722477	1.93822
1.83	-0.966594	0.710283	1.93319
1.84	-0.963983	0.698019	1.92797
1.85	-0.961275	0.685685	1.92255
1.86	-0.958471	0.673282	1.91694
1.87	-0.955572	0.660812	1.91114
1.88	-0.952576	0.648276	1.90515
1.89	-0.949486	0.635675	1.89897
1.9	-0.9463	0.623011	1.8926
1.91	-0.94302	0.610284	1.88604
1.92	-0.939645	0.597496	1.87929
1.93	-0.936177	0.584648	1.87235
1.94	-0.932615	0.571742	1.86523
1.95	-0.92896	0.558779	1.85792
1.96	-0.925212	0.54576	1.85042
1.97	-0.921371	0.532686	1.84274
1.98	-0.917438	0.519559	1.83488
1.99	-0.913413	0.50638	1.82683
2	-0.909297	0.493151	1.81859
